% -------------------------------------------------------------------
%  Generated by MATLAB on 6-Jun-2022 10:32:40
%  MATLAB version: 9.12.0.1956245 (R2022a) Update 2
% -------------------------------------------------------------------
                                   

A = ...
  [3 2;
   6 5];

M = ...
  [3 2 1;
   6 5 4;
   9 7 8];

M_r = ...
  [3 2 1 0;
   6 5 4 0;
   9 7 8 0];

col = [0 0 0];

r = [0; 0; 0];

