% -------------------------------------------------------------------
%  Generated by MATLAB on 6-Jun-2022 11:37:30
%  MATLAB version: 9.12.0.1956245 (R2022a) Update 2
% -------------------------------------------------------------------
                                   

A = ...
  [2 9 6 1 1 1 1;
   4 7 2 2 3 3 8;
   1 5 6 1 5 0 9;
   5 9 3 4 1 5 5;
   3 1 1 0 10 8 1;
   2 7 2 9 3 6 8;
   2 7 9 2 3 1 3];

M = ...
  [-0.31496765558777612 1.3165291099710015 -0.97434753513272376 -0.85366941780058 ...
   -0.057996877091233523 0.041490073611420958 0.84876198973901418;
   0.27067913126356141 0.11633849086447791 -0.044450753351043315 -0.15949141200089229 ...
   0.001683126153346988 0.049844868493095135 -0.13477176403788052;
   -0.12301015959280512 -0.58343641636079735 0.36811794050250446 0.510149453490966 ...
   0.0056780159390019125 -0.10895707014377549 -0.069109565428994477;
   -0.10181899296331602 0.93563563360574287 -0.75612921541986911 -0.85946910550970335 ...
   -0.061241457627806084 0.24660839940786405 0.60253888426986812;
   0.0633707136049317 1.011579096789893 -0.67777259546164292 -0.97613205442783835 ...
   0.0343317178026078 0.17334171516638616 0.46784823474540188;
   0.027599213189219894 -1.6387970717660656 1.1147364792245453 1.436314967655588 ...
   0.10423214973739175 -0.21442621621073554 -0.84008273680368273;
   -0.057266846470504687 -0.48790379818709062 0.45920953906677758 0.48115101494534918 ...
   -0.010544886743860643 -0.083365441161559861 -0.30022509277472487];

ans = -49312.999999999985;

b = [3; 7; 0; 0; 7; 6; 5];

y = [12.357573053758642; 1.2633991036846268; -5.4126295297386093; 10.307647070752134; ...
     10.890779307687628; -16.146127795915884; -5.6622594447711556];

