% -------------------------------------------------------------------
%  Generated by MATLAB on 6-Jun-2022 11:24:17
%  MATLAB version: 9.12.0.1956245 (R2022a) Update 2
% -------------------------------------------------------------------
                                   

A = ...
  [1 3 1 6 1 9;
   2 5 5 6 1 7;
   1 7 9 4 2 7;
   2 5 9 2 6 1;
   0 5 3 9 6 9;
   6 4 2 1 1 9];

B = ...
  [10 -7 -1 -3 8 -4;
   7 -9 3 -1 -8 -2;
   6 9 -9 -9 10 -1;
   0 -4 7 -6 1 5;
   -6 -4 1 3 4 6;
   -2 -3 7 -3 10 -8];

C = ...
  [0.16546302299654853 -0.16728400213125177 -0.10923307035056526 0.078004669067534615 ...
   -0.16196657187304075 -0.099978387909212166;
   0.06465438843132601 -0.17869133440751847 -0.07915160774697165 0.064750679924935439 ...
   -0.16061635115153927 -0.057753498055981761;
   0.10498447567141923 -0.18689536966304404 -0.13911553053403267 0.12218534614652143 ...
   -0.16921197181440994 -0.0389220916224261;
   0.14745972340803415 -0.19473991667576088 -0.1510685146074196 0.00652428364478283 ...
   -0.10544346512429094 -0.081166239774378354;
   0.076375203014565712 -0.091939118098307224 -0.028797576022134223 0.019232620990261736 ...
   -0.0071255705270996533 -0.0049269147563504451;
   0.066421872291801756 -0.096599626389004822 -0.044082245774408307 0.0847236755105054 ...
   -0.016703364424786728 -0.08812597495137281];

D = ...
  [2.0233410580509323 -3.0200286306707671 -1.8177522997618394 1.2153334574423698 ...
   -1.6031442382379943 -1.5972191016645594;
   2.6052070160122063 -4.0990775274912226 -2.5535862161936622 1.7421335199248502 ...
   -2.72978467082218 -1.792140902272694;
   2.7704464287624839 -4.7392169575739693 -2.885779030280466 2.288555648993968 ...
   -3.3621373287883753 -1.8059523121727434;
   2.4186508063877645 -3.9477971715978621 -2.3852686853643359 1.7925988218200808 ...
   -2.9202663636694344 -1.1190430337384;
   3.021410948556805 -4.6278333771994591 -2.7422469299062127 1.626936796403406 ...
   -2.4527925603052236 -1.95872518621705;
   2.2829964200962491 -3.248335762018784 -1.8268422167585721 1.7596714106275855 ...
   -2.2155880949476927 -1.7879554320171362];

ans = -0.008666234424850908;

d = -2.82509834775E+11;

d1 = -7.5707622000000105E+9;

d2 = -7.570762200000001E+9;

eq = false;

